id	lat	lng
7239	-12.081223746287298	-77.06264739647293
7287	-11.864341323279595	-77.0772203738486
8103	-11.928207199300358	-77.05673712742816
8128	-11.99221135199866	-77.04790436681378
10020	-12.086089295802578	-77.05418821717291
10971	-12.06248612696143	-77.04869032794977
11197	-12.079424926311962	-77.03296161486696
13571	-12.126942211955345	-77.01268179585776
13743	-12.1244749559379	-77.02903578346707
14018	-12.025679635134885	-77.01502983666768
14214	-12.075912701372737	-77.01805439897112
14251	-12.128517878999105	-76.99495951994243
14354	-12.127698439426768	-77.01821570765071
14687	-12.071240192637383	-77.05904769127272
15267	-12.052825743479154	-77.02249225263512
15490	-12.089408024066316	-77.07320866522292
15524	-12.113699198516386	-77.02722139070875
15637	-12.145803444337485	-77.00488657301634
15733	-12.030733263826438	-77.08802227546312
16765	-12.1476595569967	-77.0221895312481
16792	-12.054984195054201	-77.04925424538919
17077	-12.085669799877902	-77.03472569344996
17297	-12.054814224344282	-77.04734414525274
17470	-12.08508596908038	-76.99702719490887
17539	-11.999027272158946	-77.0496663244594
17577	-12.085763601918837	-77.03552020571499
17734	-12.11900675461246	-77.0255317534257
17840	-12.120761550775027	-77.00262187055114
17933	-12.11130676136816	-77.03673620707389
17975	-12.16019734100545	-76.95889640927572
18046	-12.102645212731185	-77.05256474296795
18081	-12.028512817132512	-77.03143345902646
18407	-12.083881184522886	-77.03791211674422
18454	-12.090516519847718	-76.99591535528623
18512	-12.03235825450736	-77.06499921311843
18633	-12.061947301819316	-77.00778528799862
18898	-12.054271255748166	-77.04307186015359
19019	-12.130203151061265	-77.00865357871277
19451	-12.054995393931412	-77.0490870013233
19507	-12.079005310736319	-77.0501643316216
20409	-12.108975904351675	-77.03841536484367
20494	-12.054715190070603	-77.04339106010087
20576	-12.072514338702765	-77.03774576488325
20651	-12.1963108	-77.00516149999999
20832	-12.031635106588846	-77.07429314379408
22705	-12.128246257440324	-77.01803591349181
22731	-12.05073755488525	-77.0302250351757
22745	-12.086107035455257	-77.0321589998012
22789	-12.050705720990196	-77.03029445040147
22908	-12.111496057467479	-76.99292049686142
23176	-12.080988457013662	-76.99401390000003
24253	-12.066935974992154	-76.94370623610638
24565	-11.107455908862335	-77.6093019595753
24609	-12.03549475748706	-77.03474119481007
24633	-11.9714739	-77.05776600000002
24968	-12.088461508516621	-76.99626717167183
25526	-12.12767835940907	-76.98774694632596
27297	-11.941011436632449	-77.0449151845815
27459	-12.06726738128273	-77.0288611733655
29129	-12.517058827951475	-76.73712358470863
30095	-12.080522808645306	-76.9864054680707
30161	-12.067324282868041	-76.94386110125811
62070	-11.107378052178644	-77.60717554034329
62569	-11.107360625541828	-77.60632789490893
62657	-13.076849452016981	-76.38550802767332
62664	-12.51556354207889	-76.73582979538423
82025	-12.05293844589645	-77.02959554016809
82136	-11.941555773120221	-77.06235285439499
82150	-11.983601351381305	-77.07207281748578
82153	-12.001595298070603	-77.05424735382229
82199	-12.106899774617764	-77.00114916987604
82238	-12.029804785468626	-77.09416189368403
82240	-12.032345343194152	-77.06502838810331
82336	-12.075024374368008	-77.046724635582
82357	-12.074089413888291	-77.04873812797649
82381	-12.06562170254897	-77.04772253372568
82399	-12.023168129738135	-77.05518135076608
82457	-12.048252	-77.0595945
82519	-12.032907487558308	-77.05465560476989
82541	-12.08145975953139	-77.08849785474325
82631	-11.905250018042505	-77.03164078332827
82708	-12.091927175814522	-77.03193565106653
82795	-11.990746502898453	-77.04524233292943
82890	-12.072778722885863	-77.00964512883604
82935	-11.985423794725003	-77.05638915852262
83256	-12.027358776120549	-77.00666590440551
83487	-12.053952823070038	-77.00412593558195
83524	-12.090557809871255	-76.8564887931152
83625	-12.026127297024912	-77.00312081724871
85026	-12.160217096688154	-76.95908066448038
85075	-12.145758918315416	-77.02170945310587
85302	-12.147084728920838	-77.01447343128285
85385	-12.188610142967265	-76.92729373845185
85393	-12.184790183022344	-77.00619342141607
89146	-12.113560455476708	-77.01856855841652
89294	-11.915335333304647	-77.04825973044967
89297	-12.090542944839049	-77.0334554277897
89314	-12.069130583195662	-77.04917532321628
89348	-12.069916615296782	-77.09582540733572
89349	-12.08280503219985	-77.02988217299941
89371	-11.983562782814595	-77.07212340000001
89388	-12.06912304448124	-77.02056299786437
89493	-12.11266075973138	-77.00028643073301
89637	-11.955401112248678	-77.04741366725796
89697	-12.081557343476133	-77.0401557297157
89811	-12.048440493643726	-77.0393664484684
89959	-12.052620362863601	-77.04244216389833
90019	-12.07156785777905	-77.07206491939439
90141	-12.080304924263903	-77.03893285116146
90179	-12.039916406807333	-77.07736600674593
90246	-12.028876679780904	-77.03139375767216
90288	-12.05518480588686	-77.04932098809184
90346	-12.113772931601366	-77.02822480707448
90384	-12.118936685609137	-77.03514407604428
90588	-11.974493507490207	-77.06965867312164
90669	-12.009631196489392	-77.05360781698505
90815	-12.032036752320284	-77.07315441313278
90836	-12.071157238685153	-77.06197952642822
92121	-12.170775327277507	-76.9458632615333
92125	-12.157258284071528	-76.93755849573023
92173	-12.164026836742451	-76.94734346300203
92450	-12.0474512	-77.03569929999998
92516	-12.033319178955658	-77.04375304554719
92598	-12.066342015964082	-77.04830135606687
92615	-12.084214522335568	-77.061628378526
92649	-12.081771796838481	-76.99728824657643
92664	-12.14040557380324	-76.9483249129944
92672	-12.18726816537274	-77.00795625365294
92753	-12.044965298189041	-77.03958986509048
92757	-12.064492942790585	-77.0135378620692
92949	-12.082226472925425	-77.03588179395626
92980	-12.062320877011823	-77.02713310674585
93415	-12.150652962671083	-76.98103936137693
93541	-12.147638640412799	-77.0213170241093
95271	-11.937385525794236	-76.9704044243042
95369	-12.083900706095951	-76.89765207976234
95487	-12.046724041476192	-76.96843836355771
97128	-12.068208264152661	-76.97531842895205
97226	-12.025188754128656	-76.89353251166995
